  1  92.12709  1.9448089   2157 
  2  92.10636  1.8357043   1976 
  3  92.02478  1.7241200   1280 
  4  91.95862  1.6621287   1243 
  5  91.87929  1.4786346   1779 
  6  91.79779  1.3844079   234  
  7  91.63501  1.2505068   1852 
  8  91.49982  1.0446958   1859 
  9  91.40031  0.8859981   1244 
 10  91.00874  0.5884401   2206 
 11  91.12080  0.7173819   2135 
 12  90.99959  0.8264865   2101 
 13  91.14970  0.9628673   2123 
 14  91.33062  1.1934748   2029 
 15  91.38940  1.3100184   2152 
 16  91.46080  1.4141637   2122 
 17  91.53979  1.5133497   2151 
 18  91.65473  1.7265996   2131 
 19  91.67784  1.7985095   2306 
 20  91.21650  1.7885909   2216 
 21  91.21101  1.6894049   1874 
 22  91.16473  1.5307073   2278 
 23  91.13380  1.4067247   2183 
 24  91.09544  1.3248963   1986 
 25  91.07731  1.2306696   1637 
 26  90.97273  1.0719719   2022 
 27  90.92937  1.0075010   1960 
 28  90.89614  0.9405504   1899 
 29  90.70063  1.4687160   1696 
 30  90.73952  1.6770066   1769 
