  1  91.21459  0.7028605   1747 
  2  91.27365  0.7512077   1163 
  3  91.48684  0.9326272   1706 
  4  91.62705  1.0855768   1470 
  5  91.73566  1.2981015   2020 
  6  91.90450  1.4459959   1530 
  7  92.00629  1.5093189   1388 
  8  92.06784  1.7220076   1256 
  9  92.12580  1.7934270   1785 
 10  92.19160  1.9400623   2189 
 11  92.15046  2.0160632   1992 
 12  92.24812  2.0460237   2105 
 13  92.29259  2.1230348   1820 
 14  92.17955  2.1033804   1780 
 15  92.06334  2.1160965   1801 
 16  91.86122  2.0930008   1719 
 17  91.78047  1.9941229   1878 
 18  91.76932  1.8673051   1863 
 19  91.78798  1.7913409   1999 
 20  91.63388  1.5831141   1922 
 21  91.13062  1.8958765   1798 
 22  91.23860  1.9009008   1734 
 23  91.29527  1.8639546   1517 
 24  91.30260  1.7638841   1844 
 25  91.24925  1.5966837   1123 
 26  91.18160  1.3829210   1774 
 27  91.17433  1.2916894   1750 
 28  91.05914  1.1201942   1877 
 29  91.01732  1.0594016   1878 
 30  90.99067  0.9976015   2055 
