%site    latitude   longitude   depth 
  1      0.42867    -91.39158   3070 
  2      0.50036    -91.33295   2923 
  3      0.56208    -91.27577   2671 
  4      0.62979    -91.21575   2296 
  5      0.69260    -91.15757   1854 
  6      0.76136    -91.09912   2127 
  7      0.82785    -91.04272   2085 
  8      0.89476    -90.98849   2051 
  9      0.95719    -90.92811   1965 
 10      1.03288    -90.88405   1871 
 11      1.61512    -90.55008   1939 
 12      1.61127    -90.59866   1717 
 13      1.61416    -90.63870   1591 
 14      1.61355    -90.68444   1897 
 15      1.61042    -90.72438   1817 
 16      1.61055    -90.76151   1996 
 17      1.61214    -90.81866   3495 
 18      1.61218    -90.89575   2001 
 19      1.61494    -90.93865   2211 
 20      1.61098    -90.98990   2163 
 21      1.61285    -91.04420   2195 
 22      1.61500    -91.09566   2257 
 23      1.56845    -91.14661   2146 
 24      1.54645    -91.18604   2096 
 25      1.51306    -91.21550   2107 
 26      1.49052    -91.25912   2253 
 27      1.45713    -91.28860   2151 
 28      1.41057    -91.35448   2099 
 29      1.35047    -91.42711   2155 
 30      1.30391    -91.49311   2200 
 31      1.24480    -91.56154   2163 
 32      1.21866    -91.59649   2119 
 33      1.19325    -91.63541   1848 
 34      1.15905    -91.66516   2097 
 35      1.13338    -91.70006   2124 
 36      1.07209    -91.78136   2285 
 37      1.02017    -91.85551   2351 
 38      0.96931    -91.92133   2351 
 39      0.91425    -91.98669   2418 
 40      0.85443    -92.05579   2402 
 41      0.80707    -92.12662   2540 
 42      0.75187    -92.19227   2693 
 43      0.65801    -92.32598   2737 
 44      0.55259    -92.45187   2945 
 45      0.43647    -92.62066   3029 
 46      0.96085    -92.73161   2200 
 47      1.05472    -92.59788   2250 
 48      1.14858    -92.46415   2300 
 49      1.24243    -92.33041   2331 
 50      1.28575    -92.25431   2415 
 51      1.33205    -92.18100   2482 
 52      1.38155    -92.10762   2432 
 53      1.42549    -92.03321   2469 
 54      1.46375    -91.95782   2434 
 55      1.49061    -91.91792   2013 
 56      1.51419    -91.88325   2319 
 57      1.54967    -91.85246   2370 
 58      1.56800    -91.80852   2310 
 59      1.61575    -91.73845   2266 
 60      1.68146    -91.63781   2161 
 61      1.74714    -91.54494   2358 
 62      1.81211    -91.42804   2236 
 63      1.82894    -91.96659   2401 
 64      1.86868    -91.96174   2382 
 65      1.91956    -91.96256   2411 
 66      1.96288    -91.96212   2246 
 67      2.00679    -91.95793   2332 
 68      2.05374    -91.96192   2224 
 69      2.09348    -91.96083   1828 
 70      2.13772    -91.95667   1885 
 71      2.18551    -91.95692   2189 
 72      2.23388    -91.95339   2200 
 73      2.26965    -91.95547   2312 
 74      2.36216    -91.95540   2394 
 75      2.37099    -92.41273   2501 
 76      2.24531    -92.44872   2269 
 77      2.29151    -92.43360   2377 
 78      2.20362    -92.46070   2072 
 79      2.15464    -92.46743   1878 
 80      2.11658    -92.48391   2120 
 81      2.03731    -92.51235   2272 
 82      1.94667    -92.53856   2553 
 83      1.87285    -92.56000   2478 
 84      1.77527    -92.58471   2449 
 85      1.77668    -92.11177   1645 
 86      1.93041    -92.17497   2000 
 87      1.98397    -92.15597   2088 
 88      2.02373    -92.13375   1923 
 89      2.09376    -92.11339   1865 
 90      2.13353    -92.09804   1879 
